   1        "k-e+c"    4   13.231458  21.834452  34.927956
   2           "sp"  404  5752.592773
   3        "k-i+n"    8   95.338303  27.225401  22.535608
   4        "k-o+t"   36  350.071991 139.933456 149.471603
   5        "n-a+i"   44   70.239861  90.458000 150.363190
   6        "a-k+i"    8   22.152996  19.166988  12.555261
   7        "a-m+b"   72  164.861572 246.071381 345.099396
   8        "a-m+p"    8   25.201120  24.386244  16.258097
   9        "a-p+e"   28   99.273537  98.696213 127.650772
  10        "a-p+u"   12   41.389198  29.462883  23.551226
  11        "a-r+a"   36   83.529724  44.442135  84.317070
  12        "a-r+n"   44   68.208244  51.623913 141.131531
  13        "a-t+u"   24   40.630077  52.028202  80.899178
  14        "d-u+a"   16   27.015501  39.136410  19.889460
  15        "g-a+m"   72   97.143227 150.862854 286.564972
  16        "t-a+k"   36   45.094048  62.481712 118.577667
  17        "t-a+m"    8   15.078733  22.682074  29.652786
  18        "g-i+t"   28  329.226379  75.491608  86.003868
  19        "t-i+g"   44  240.822632  51.260784  46.517712
  20        "m-E+r"   12   62.599205  56.605095 144.752228
  21        "t-r+a"   28   50.819012  31.404621  49.946033
  22        "t-u+r"    8   10.184038  19.530443  31.626356
  23        "w-a+r"   44  104.951584  93.108856  67.338852
  24       "l-i+ng"   36  123.866211  59.035576  75.939461
  25          "a+t"    8   17.661171  17.700140  21.822123
  26          "a-h"   12   18.107000  15.204614  28.616234
  27          "a-i"   44  113.333595 314.578552 611.369629
  28          "a-k"   36   95.700531 120.474564 152.564468
  29          "a-n"   44  130.174911  91.152046  48.080120
  30          "a-r"   76  260.796844 172.335922 301.040924
  31          "a-t"   12   24.669769  36.914959  44.003632
  32          "b+e"    4    4.998310   4.999731   3.999806
  33          "b+i"   16   32.186649  22.536318  23.117025
  34        "m-a+k"    8    8.594064  13.821866  22.888090
  35        "m-b+a"   72  100.494164  83.751709  81.014709
  36          "d+u"   16  116.260368  80.801659  63.120453
  37          "e+m"   12   21.330164  15.544149  16.261625
  38          "g+a"   72   72.197739  72.759094 114.972336
  39          "g-a"   44   46.619671  66.085381 143.123367
  40          "h+a"   12   18.694471  14.699806  46.168758
  41          "h+i"   16   40.514294  26.048203  52.327522
  42          "i-l"    4    4.249804   4.097324  11.228624
  43          "i-n"    8    9.483357   9.943090  10.912107
  44          "k+e"    4   10.014523   7.017356   6.987498
  45          "k+o"   36  142.456604  69.520576  76.822525
  46          "l+i"   48  183.910706 333.713440 250.404007
  47          "m+E"   12   35.479988  23.302563  19.427511
  48          "m-a"   12   23.033026  27.939728  64.775658
  49        "m-p+a"   12   26.534552  38.860771  26.269922
  50        "m-p+i"    8   11.698408  18.062439  24.561831
  51          "r-u"   16   93.558289 155.048630  84.222145
  52          "s+a"   16   54.902138  57.621597  35.632721
  53          "s+e"   36  186.906830 183.491135 145.861038
  54          "t+a"    8   17.822098  40.828243  35.727734
  55          "t+i"   16   25.271309  28.118589  84.008034
  56          "t+r"   28   62.311916  54.640247  66.059692
  57          "t-u"   16   38.316864  35.640118  48.458618
  58          "sil"  272  8419.635742 5752.592773 1060.705078
  59          "u-a"   16   18.287388  30.209118  91.750031
  60          "u-m"   28   29.106197  45.326099  65.534477
  61          "u-r"    8   14.781412  11.518858  16.270885
  62          "u-s"   12   97.826851  77.966225  34.553280
  63          "w+a"   44  883.496887 163.291840  83.216293
  64        "p-a+t"   12   17.101023  30.595413  50.768848
  65        "c-i+l"    4    7.000661   4.105863   4.225983
  66        "p-e+s"   28  113.178818  53.755676  89.872360
  67        "p-i+l"    8   20.177364  15.314717  17.976330
  68        "p-u+s"   12   15.115589  32.343533  31.943031
  69        "s-a+r"    4    4.512816   7.901937  18.198553
  70        "s-a+t"   16   25.021776  26.100847  52.893848
  71        "s-e+g"   28  194.147354 157.902817 305.615784
  72        "s-e+m"    8   28.647715  18.896021  15.741669
  73        "s-i+u"   28  160.056778 168.605072  88.503998
  74        "i-g+a"   44   44.012691  44.037884  55.679768
  75       "i-ng+k"   36  140.333038 382.380981 222.276382
  76        "i-l+a"    8   10.320808  10.254191   8.549241
  77        "i-m+a"   12   12.959319  13.416284  20.932451
  78        "i-r+u"   16   18.838472  21.048765  57.524181
  79        "i-t+i"   28   38.360870  40.817524  49.690895
  80        "i-u+m"   28  123.165886 113.044411  42.695644
  81        "l-a+n"    8    9.254921  12.225779  21.104399
  82        "E-r+a"   12   13.217697  12.707923  14.128339
  83        "l-i+m"   12   17.874262  37.849209  19.260506
  84       "ng-k+a"   36   96.021637  65.808228  85.901260
  85        "b-a+r"   72   74.410072  90.328369 141.363861
  86        "b-e+s"    4    3.999868   4.007218   4.073125
  87        "b-i+r"   16  113.237213  61.581341  32.816368
  88         "j-aw"   16  335.090576 138.938766  64.230690
  89        "e-c+i"    4   20.120375  21.960728 127.975044
  90        "o-t+a"   36   81.559937  84.695259  73.256699
  91        "r-a+h"   12   12.675163  13.097987  15.053916
  92        "r-a+n"   36   40.706936  41.515781  56.219524
  93        "r-a+p"   28   52.994110  62.916241 154.559204
  94        "e-g+i"   28   33.332817  29.253052  64.784088
  95        "e-m+a"    8    9.531492   9.218065   8.121748
  96        "e-m+p"   12   14.982823  36.981239  77.935844
  97        "e-s+a"    4    7.922014  22.012709   8.571331
  98        "e-s+i"   28   51.350269 159.351242 118.499741
  99        "r-n+a"   44  365.654846  76.360207 111.495964
 100        "h-a+p"   12   47.592793  36.687485  70.135117
 101       "i-j+aw"   16  145.700333  79.512566 131.971191
 102        "h-i+j"   16  197.253418 122.847939  44.779545
 103        "k-a+r"   36   44.685959  72.711334  61.258312
